Ar++Ar->Ar+Ar+(charge_exchange)
0.0
102 
0.0           58.7592  
0.01          58.7592   
0.0114815     55.963   
0.0131826     53.6888  
0.0151356     51.8689    
0.017378      50.4419   
0.0199526     49.3522  
0.0229087     48.5497   
0.0263027     47.9893   
0.0301995     47.6306  
0.0346737     47.4372   
0.0398107     47.3769   
0.0457088     47.4209  
0.0524807     47.5439    
0.060256      47.7232   
0.0691831     47.9392  
0.0794328     48.1742   
0.0912011     48.413    
0.104713      48.642  
 0.120226     48.8492    
 0.138038     49.0242    
 0.158489     49.1575  
  0.18197     49.2408     
  0.20893     49.2669    
  0.239883    49.2293  
 0.275423     49.1228    
 0.316228     48.9428    
 0.363078     48.6864  
 0.416869     48.3515     
 0.47863      47.9382    
 0.549541     47.448  
 0.630957     46.8849    
 0.724436     46.2549    
 0.831764     45.5668  
 0.954993     44.8317     
 1.09648     44.0631     
 1.25893     43.2766  
  1.44544      42.489     
  1.65959      41.718     
  1.90546     40.9808  
  2.18776     40.2935     
  2.51189     39.6699     
  2.88403     39.1207  
  3.31131     38.6527     
  3.80189     38.2689     
  4.36516     37.9679  
  5.01187     37.7447      
  5.7544     37.5909     
  6.60693     37.4959  
  7.58578     37.4475     
  8.70964     37.4329        
  10.0     37.4393  
  11.4815      37.455     
  13.1826     37.4695     
  15.1356     37.4738  
   17.378     37.4607     
   19.9526     37.4248     
   22.9087     37.3624  
  26.3027      37.271     
  30.1995     37.1498     
  34.6737     36.9985  
  39.8107      36.818     
  45.7088     36.6097     
  52.4807     36.3753  
   60.256     36.1169     
   69.1831     35.8368     
   79.4328     35.5373  
  91.2011     35.2205     
  104.713     34.8888     
  120.226     34.5441  
  138.038     34.1885     
  158.489     33.8237      
  181.97     33.4514  
   208.93     33.0731     
   239.883     32.6901     
   275.423     32.3037  
  316.228     31.9149     
  363.078     31.5246     
  416.869     31.1337  
   478.63     30.7429     
   549.541      30.353     
   630.957     29.9643  
  724.436     29.5774     
  831.764     29.1928     
  954.993     28.8107  
  1096.48     28.4316     
  1258.93     28.0555     
  1445.44     27.6829  
  1659.59     27.3137     
  1905.46     26.9483     
  2187.76     26.5867  
  2511.89      26.229     
  2884.03     25.8753     
  3311.31     25.5256  
  3801.89     25.1801     
  4365.16     24.8387     
  5011.87     24.5014  
   5754.4     24.1684     
   6606.93     23.8395     
   7585.78     23.5147  
  8709.64     23.1941     
  10000.0     22.8777